scan equal =1
WL[0]
ALL_IDSAT_WL[0]_VAsource_VBdrain=0.000067943001
ALL_IDSAT_WL[0]_VAdrain_VBsource=0.000067991998
WL[1]
ALL_IDSAT_WL[1]_VAsource_VBdrain=0.000072066003
ALL_IDSAT_WL[1]_VAdrain_VBsource=0.000068333997
WL[2]
ALL_IDSAT_WL[2]_VAsource_VBdrain=0.000070847003
ALL_IDSAT_WL[2]_VAdrain_VBsource=0.000068212001
WL[3]
ALL_IDSAT_WL[3]_VAsource_VBdrain=0.000072675997
ALL_IDSAT_WL[3]_VAdrain_VBsource=0.000061014998
WL[4]
ALL_IDSAT_WL[4]_VAsource_VBdrain=0.000071335002
ALL_IDSAT_WL[4]_VAdrain_VBsource=0.000065699001
WL[5]
ALL_IDSAT_WL[5]_VAsource_VBdrain=0.000067870002
ALL_IDSAT_WL[5]_VAdrain_VBsource=0.000059550999
WL[6]
ALL_IDSAT_WL[6]_VAsource_VBdrain=0.000067918998
ALL_IDSAT_WL[6]_VAdrain_VBsource=0.000065065004
WL[7]
ALL_IDSAT_WL[7]_VAsource_VBdrain=0.000070847003
ALL_IDSAT_WL[7]_VAdrain_VBsource=0.000068553003
WL[8]
ALL_IDSAT_WL[8]_VAsource_VBdrain=0.000073969000
ALL_IDSAT_WL[8]_VAdrain_VBsource=0.000067235997
WL[9]
ALL_IDSAT_WL[9]_VAsource_VBdrain=0.000073773997
ALL_IDSAT_WL[9]_VAdrain_VBsource=0.000065966997
WL[10]
ALL_IDSAT_WL[10]_VAsource_VBdrain=0.000073189003
ALL_IDSAT_WL[10]_VAdrain_VBsource=0.000064040003
WL[11]
ALL_IDSAT_WL[11]_VAsource_VBdrain=0.000073310999
ALL_IDSAT_WL[11]_VAdrain_VBsource=0.000061674000
WL[12]
ALL_IDSAT_WL[12]_VAsource_VBdrain=0.000071920003
ALL_IDSAT_WL[12]_VAdrain_VBsource=0.000064528002
WL[13]
ALL_IDSAT_WL[13]_VAsource_VBdrain=0.000074115997
ALL_IDSAT_WL[13]_VAdrain_VBsource=0.000064332999
WL[14]
ALL_IDSAT_WL[14]_VAsource_VBdrain=0.000078849000
ALL_IDSAT_WL[14]_VAdrain_VBsource=0.000071944000
WL[15]
ALL_IDSAT_WL[15]_VAsource_VBdrain=0.000079776000
ALL_IDSAT_WL[15]_VAdrain_VBsource=0.000075286996
WL[16]
ALL_IDSAT_WL[16]_VAsource_VBdrain=0.000066480003
ALL_IDSAT_WL[16]_VAdrain_VBsource=0.000066332999
WL[17]
ALL_IDSAT_WL[17]_VAsource_VBdrain=0.000071456998
ALL_IDSAT_WL[17]_VAdrain_VBsource=0.000065259999
WL[18]
ALL_IDSAT_WL[18]_VAsource_VBdrain=0.000067041001
ALL_IDSAT_WL[18]_VAdrain_VBsource=0.000063699001
WL[19]
ALL_IDSAT_WL[19]_VAsource_VBdrain=0.000072481002
ALL_IDSAT_WL[19]_VAdrain_VBsource=0.000062820000
WL[20]
ALL_IDSAT_WL[20]_VAsource_VBdrain=0.000075336000
ALL_IDSAT_WL[20]_VAdrain_VBsource=0.000067285000
WL[21]
ALL_IDSAT_WL[21]_VAsource_VBdrain=0.000073652001
ALL_IDSAT_WL[21]_VAdrain_VBsource=0.000066699002
WL[22]
ALL_IDSAT_WL[22]_VAsource_VBdrain=0.000069602000
ALL_IDSAT_WL[22]_VAdrain_VBsource=0.000062209998
WL[23]
ALL_IDSAT_WL[23]_VAsource_VBdrain=0.000080190002
ALL_IDSAT_WL[23]_VAdrain_VBsource=0.000078824000
WL[24]
ALL_IDSAT_WL[24]_VAsource_VBdrain=0.000072675997
ALL_IDSAT_WL[24]_VAdrain_VBsource=0.000061819999
WL[25]
ALL_IDSAT_WL[25]_VAsource_VBdrain=0.000071798000
ALL_IDSAT_WL[25]_VAdrain_VBsource=0.000060112001
WL[26]
ALL_IDSAT_WL[26]_VAsource_VBdrain=0.000079336998
ALL_IDSAT_WL[26]_VAdrain_VBsource=0.000071481001
WL[27]
ALL_IDSAT_WL[27]_VAsource_VBdrain=0.000071187998
ALL_IDSAT_WL[27]_VAdrain_VBsource=0.000063772000
WL[28]
ALL_IDSAT_WL[28]_VAsource_VBdrain=0.000070602997
ALL_IDSAT_WL[28]_VAdrain_VBsource=0.000059917002
WL[29]
ALL_IDSAT_WL[29]_VAsource_VBdrain=0.000071773997
ALL_IDSAT_WL[29]_VAdrain_VBsource=0.000063893996
WL[30]
ALL_IDSAT_WL[30]_VAsource_VBdrain=0.000070847003
ALL_IDSAT_WL[30]_VAdrain_VBsource=0.000059405000
WL[31]
ALL_IDSAT_WL[31]_VAsource_VBdrain=0.000066626002
ALL_IDSAT_WL[31]_VAdrain_VBsource=0.000068064997
scan equal =1
